⁵⁸· ’441644 4416646444441664.

G. Sinus Tarigen. Secantes Log.Sin. Log. Tang.

37-..] ‘1'0‘030'02'01311'611‘1-”1'11'5'11
¹1 ¹745·24 1745·51 ¹00015·23 8.2418553 844494ιὲ

4 448994 449468 16666694 84448494 8444684

3 5233·⁶0 5240.78 466447444 87488664 84194948
4 694464 699468 4444444494 88444844, 88446444
4 874447 874887 16648498ἰ 894649ὀοῖ 89419418

6 4644484 4644644 16644684ἷ 96494446 96446464

7 1448694 4447846 46674699199848944 96894448
8 13917.31 14054.08 46698476Ι 94444444 94478644
9 1564345 15838·44 ¹01246-51!9-1943³24 949978ῑέ
46 4746484 4764476 464444674 94496764 9446448

41 1968696 1944864 Ι46487168 9486ἑ988 94886444
44 4449444 4444464 44444444 9444 489 94444444
44 4449444 4468684 46464649 94446886 94644644 “
14 4449449 4494484 44446444 94846444 94964444
44 4488496 4679494 46444764 94449964 94486444
. 46 4446444 4864444 44444994 94444484 94444964
44 4944444 4444444 44446948 94649444 94844494
48 4696496 4449497 46444644 94899844 94447766
49 4444684 4444446 44446444 94446449 94469449
4ο 4446464 4649764 16644778 94446447 94646649
44 ’884649 4848644 44444444 94444494 94844444
44 446466 4444464 44484444 94444444 96464496
44 4967441 4444749 46864694 94948786 96478449
44 4464466 4444484 44946464 96494444 96484844
44 4446484 4664444 44444449 96449484 96686444

46 4484744 4877446 41446649 96448446 96884818
27 4449944 4494444 44444464 96444468 94444649
48 4694446 4444494 44444444 96446494 94446444
49 4848496 4444494 44444444 96844444 94444444
30 .50000·00 57735·03 44444444 96989444 94644494

w

 

