Num-:nonum LocAmem . ¹9¹

 

 

 

 

 

 

 

 

 

 

 

 

 

 

 

 

 

 

 

 

 

 

 

 

 

 

 

 

 

 

 

 

 

 

 

 

 

 

 

  

 

 

 

 

 

 

 

 

 

 

 

 

 

 

 

 

 

 

 

 

 

 

 

 

 

N. Logarith‘f ¹ Ι- N. Lngarath. N. Logarith. ¹
191 19941, 114 Ι 134 11 ,11948 167 2.2227165
191 1 9986991 1311,- 113933 33 ¹ 168 2. 2253093
193 1. 9113311 13611335369 . 169 2.2278867
194 19111131ῃῖ 131. 11361196 ¹ 170 2.2304489
195 19111893 136 11393191 171 2. 2329961
196 1 9153959 139 ¹ 2.1430143 172 2. 23 5284
1911 1, 9193838 149 11461189 . 173 2. 2380461
198 191· 33413881 141 ¹ 11491191 174 2.2405492
199 1. 93141613- 141 11511883 175 2. 2430380
119 1. 9413911 143 11553369 176 2. 245,5127
111 19453139 144 11533615 177 2. 2479733
111 1. 9411139 145 11613639 178 2, 2504200
113 1. 95391184 146 11643519 179 2. 2528530
114 1. 9569949 ’ 141· 1161311113 180 2. 2552725
115 19696918 143 111916111 181 2. 2576786
116 19644539 149 11131363182 2. 2600714
1111 ¹ 19631859 159 11169913 183 2. 2624511
113 19113319 - 151 1111391169 184 2.2648178
119 19155419 151 11313436 185 2. 2671717
119 19191311 153 11346914 186 2. 2695129
111 19811854 154 11315191· 187 2. 2718416
111 19863598 155 119933111 188 2. 2741578
113 19399951 156 11931146 189 12764618
114 19934111 1511 11953996 190 2. 2787536
115 Γ 19969199 153 11936511 191 2.2810334
116 1199311195 159 11913911 192 2, 2833012
111Γ 11933931 169 11941199 193 228 85 573
118 1, 1911199 161 ” 11963159 194 2.2 87 017
119 1. 11953911 161 11995159 195 2. 2900346
139 , 11139433 , 163,1.1111-816,196,2.2922561
131 ¹ 1111111113--1 Ι- 164 11148-433 10³* ἰ 2044662 “
131-11 11951139· ι 165 - 1 11148 9- 1 1 16652
133 11138516 166 1. 1191981 ¹ · τ1531

¹ 134 1. 11111946Ι 1611 11111165 , 3-0-οί

>

