Noun-‚nonum Lemurum-199

 

 

 

 

 

 

 

 

 

 

 

 

 

 

     

 

 

 

 

 

 

 

 

 

 

 

 

 

 

 

 

 

 

 

 

 

N* Logarith‚ N. Logarith N Legat-sith.
999 9 9149943 914 9- 9991469 939 9 9314991
¹ 9111 1. 95529155 935 1. 99113116 9ὑὲ 1. 9358954
’ 991 9- 9119399 913 ’ 9 9999913 999 9 9331913
- 994 9- 9131934 919 9 9999199 999 9 9339999
995 1956134315 933 1. 99111913 9⁹91 1. 9391191
996 1. 9591131 939 1. 99161ςῦ 992 2 9393331
Ρῡῗ ²- 9596993 949 , 1. 9931179 9393 1. 9331 113.ι
993 9995311393 941 1. 9935895 994 ²- 9335590
999 9 9131319 949 9 9949199 991 9- 9399943
999 9 9199494 945 9 9941999 999 9 9394493
, 911 9 9191434 944 9- 9949999 999 9 9393949
999 9 9199943 941 99914193 993 9 9991139
913 1. 9694998 94ὗ 3 1. 9953911 9359 1. 9997817
994 9 9399469 949 9 9931199 939 9 9999999
915 1. 9314111 943 1. 99153933 931 1. 99115699
919 1 ‚9613955 949 1. 9971661 931 1 99111131
919 · 9 9391391 919 9 9999919 931 9 9991111
3 918 1. 91513419 951 . 1 9:931395 984 1. 9919911
999 99311911 919 99933199 ’931 99914199
919 - 1. 9639393 953 1. 9799919 936 1. 99337159
999 9- 9949193 914 9 9991434 939 9- 9941 191
999 9 9949199. 911 9 9399914 933 9 9949139
991 9 9919999 913 9 9394199 939 ,99919991
‘ 994 9- 9919999 919 9- 9399999 999 ’ 9- 9919119
925 1.. 96151419 953 1. 93131555 995 1 99119999
916 1. 9196151111 959 1 9313134 991 1 9999119
92¹9 1. 91199999 9691 1. 9311911 993· 1. 9999491
993 9 9391439 999 9- 9399914 994 9 9991334
, 999 9 9339919 939 9 -931 1951 995 9 9993919.
919 99934399 991 , 9 9313991. 993 9 9939191
919 9 9939499 Ι 994 9 9349999 9· 33919
919 9- 9694919 991 · 9- 9341991· 9 Ῡ191
911 99993399 999 Ι 9- 9349999 Ι ·· ‘555
, 954 9 9991499 999 9- 9314931 9 99

 

 

 

N4

