190 Num-:nouum LocAmTfflvn .

 

 

 

 

 

 

 

 

 

 

 

 

 

 

 

 

 

 

 

 

 

 

 

 

 

 

 

 

 

Ν. Logarith. N. Logarith. N. Logarith.

-ῖ εἶθ-600000 -34 1 ,5314789 6⁰⁷ 18260748

2 03010300 35 1, 5440680 68 18325089

3 04771213 36 ι, 5563025 69 , 18388491

4 06020600 37 1, 5682017 70 1.8450980

5 0.6989700 38 1. 5797836 71 1.8512583 ·
”g 0,7781512 ...39 1, 5910646 -72 Ξ5-73325 ¹
7 0.8450980 40 1,6020600 73 18633229

8 0.9030900 ¹ 41 1.6127839 74 1, 8692317

9’ 99342423 42 16232493 73 1 8739613

10 1.0000000 43 1,6334685 76 1, 8808136
44 16434327 33, 1 88649971

45 16532125 ξ, 892<6>946

,ῗὲζοζέἑ

15 1,1760913 48 1,6812412 81 1,9084850
—1—45 -49 1,6901961 -8-2 ’“ 1 ,9138138

 

 

1, 2041 200

1,2304489
1,2552725

50 16989700

51 1.7075702
52 1.7160033

53 ¹·7242759

¹100 83 1 ,9190781
84 1 9242793
85 1.9294189

 

1 2787336
1,3010300

 

86 19344984

 

 

 

 

13222193 34 17323938 87 19393192

 

 

 

 

 

 

 

 

 

22 1. 3424227 55 1.7403627 88 19444827
23 1, 3617278 ¹ 56 1.7481880 89 1,’9493900
24 1 3892112 1 7338749 99 19342423
23 ¹ 3979400 38 17634289 91 ¹ 1·9590414
26 1 4149733 39 1 7708520 92 1 9637878
2} :2233ae 22² 1:323ssss ⁹³ {3355}ss

1 .4623980
. ¹ ·47712¹3

1 7923917 1-9777236

 

1 ,7993405 1 ,9 22712

64 —6—¹ 1. 8061800

 

 

 

-ῂ

 

1,4913617

11 ¹ 1 .0413927

12 1,0791 12

13 1- 1139433 46 1662737 79
14 1,1461280 ¹ 47 1-6720979 ¹

31 Γ·

94
93
96
97
99

..ζ-ΘΙ 19867717

 

· 1, 5051500 Ι 1 65 18129134· 8 1 ,9912261
{¹1 -851 319 66 1 8193439 8¹ 1 9936332 ’
153147{9 67 1· 2860748 2. 0000000

 

