Nummum L0011417111411.

Ῐ97

mmm

N Logarith.

701 78437780

707 78463377
777 78477777

774 78477777 777 778774777 770
705 78487897 738 28680564 771

Ι

706 78488647

7777 78474774
708 78306333
709 78366467
710 78377383
-7-78 28518696
712 2. 8374800
777 78777877
774 78777787
773 78343660
’7.78 78747777
7777 28555132
718 78367744
779 78367789

777 28573325 753 7877777

m

721 78777777
777 7838 3377
777 78777787
774 78777787
773 78603386

726 7860 9366

777 78447777
778 78677374
779 78677773
777ι 787 777777

3828&-

732· 7. 864··3777
733 786 37040

734 7. 8656961

-ψι-

N'L0garith. N. Logarith .

7747877888 ’888-
38 8887 8

78847774
78833677

7. 8839763
7. 8864967
7 8876344

88767737
78887793
78887470
78893077
88986777

777 78787444 777
740 78697377 773
741 78698787 774
747 78774777 777
743 78709888 776

-ῄιῇ-

89047707
78969796
28915375

78970946
789763 10

744 78777777 777
745 7877777 3 778
747 78777788 777
747 78777777 787

748 78739076 787

*μισ*-

749 78744878 787 78937068
787 787777 778
784 78943767
787 78748777
786 78934773

-ι--Ιί-

787 78777747
788 78963767
787 78777777
790 78976777
791 28981765
793 {88AE
777 3·28992732
794 8· 998 205
795 8·89988 71
777 77777777
⁷⁹8 2401'4383
5800 798 79670679

750 78730673

777 28 777777
737 78767778

774 28773 7777.
736 8888898878
7777787777
7. 796697
78807478,

758

759
760

761
762

7⁶3

764 78833469
765 288 36674
7⁶⁶ Ἰ 77747777

777 38847954

2 880816
2881 847
7 8879
88737473

799 7 9673468
2. 9636900

ΜἈ

 

