· ψ

Numanum Lot-,Annam- 931

 

 

 

 

13¹ Lagari—t—h. ’ 1.,[434τὴΙ-ι. ¹¹31 Logarith.
444 44434-444 444 4 3333463 444 4 4646664
444 4- 43444444 444 4 4444443 433 4 ς648478
4444 4 4344444 444 4 44444444 464 4 4676464
304 4. 43434436 33? 4. ς446499 3⁹:3⁴: 4. 5682017

333 4 4439464 331 4 4693739

339 34ᾟΞἮ99Τ 373 ²·5705429

444 ¹ 4443444443

 

 

 

 

 

 

366 4.48ς7414
444 44344434 4444 4444444344 444 44747688
443 4443344444 ’ 444 44444444 ¹ 444 444743746

 

 

 

· 4444. 4434444434 444 44444444 333¹ 447464ιέ
444 44444444 444 44444444 446 2575187
313 4444444694, 344 44443ἒ434 37⁴3 2·57⁶3413
444 44444444 444 4444 4444 443- 444774948
313 4444444444 444 4444444444 4444 44786494
444 4444444443 444· 4444444444 434 444797836
335 44933466 343 4454445494 333 2.5806250

 

 

 

 

332 4534444634
334 4.ςὸ31983
443 44444444 331 44444444 434 23843312
313 4444444444 444 44434444 434 44844697
444 44444444 333 44447444 334 44364873

-ι--ςιί ..ι-

 

 

321 4. 5:355050
322 ²31³?3333*
323 4. 44944444

 

337 4. 5877110
333 4. 5888317
4344 4- 5899496
390 4. 59¹0⁶4⁶
393 4. 5921768

334 ²* *3549053

333 ² 55012 4
4444 4 44 44444
357 4. ςς46634
333 4 4433344

—

444 44 4444ἓ444

444 4444 344

 

 

 

 

 

 

336 ΞΗῙ 41ῗῦ
3²? 34Εἱῑ4 477

33² 2.5932861
353 ²⁸59439²5

333* 33533344
350 ιςςᾶςπς

434 44 4444444 4444 - 44944964

3ῐῦ 3 4996371 549 4.. 5423254
3¹? 3- 5913593 ¹—— 3⁴5* 4. 5440630
3²2 - 4444 443 ¹

 

 

 

 

 

323 4 4444444444 332 a. 4434436 333 ²· 5965971
333³ , 4. 5135135* , , 353¹ 4. ςςςςιῦῦὗ 3ῃῦ . 2.5976952
331 4. ς493436 ¹ 364¹ 4. 55113314 4. 5987905
332 4. 5211333 4 3355 = 4. 56:29²? 5321
333 4- 4444444 ¹ 444 4 4444344 ¹ 333¹ ν

 

 

444 44444464 444 44446434 2¹
T. ιιι.

