CANON TRIGONOM'ETRICU8059

mm

G. , Sinus Tangen. Secantes L0g.Sin. Log. Tang.

... ...- ......... .-....... ..-....-. --.......
90 700000.οο Infin. Infin. 70.οο00000 Infin.

89 9998477 971899616 971986889 99999998 117981789
88 99939.o8 2863625.33 2865370.83 99997334 7744369767
87 9986199 191811967 1911791116 99994144111816141
86 9979641149116669 1499998171 99989418111999969
89 9961947114911919 114797191 99989441111981481
84 9949118 99149649 99667711 99976149119789798
83 9973467 87443464 87033090 99967307 709708367
81 9911681 71199697 71891969 99997918 818911979
81 9878889 69197717 89914991 9,·9946199118111879 ,
81 9848177 91711 ·1 97987719 99999919117996811
79 9816171 91449941 91418491 99919466117119477
78 9781476 47146911 48197949 99914144116719199

77 9749711 49914799- 444941119 99887199116966979

76 9711997 41117819 41999699 9986914111619119
79 9699198 97911918 98697999 99849498119719479
74 9611617 94874144 96179999 9-9818416119419196
73 9363048 37708376 34703036 99803963 7037466777
77 9370363 30776833 37360680 99787063 704887740
71 9499189 19141119 91719999 99796711 1114691181
71 9996916 1747477419198144 9-9719898114989941
69 9333804 76030897 77904787 99707377 704738776
68 9171899 14791869 16694671 9967169911-9999914
67 9119149 19998914 19999147 99641161119711481
66 9199494 11461968 14989999 99617911119914169
63 9063078 77443069 73667076 99377737 70,3373773
64 8987940 70303039 77877770 99336607 703778787
63 8970063 796767.ος 77076893 99498809 70.7978347
61 8819476 18817169 11911949 9949994911-1749196

67 8746797 78640478 70676633 99478793 70.7367480
60 8660734 77370398 700000.οο 99373306 70.7383606

 

