196 Numanum LocAm-rnwu .

 

 

 

 

 

 

 

 

 

 

 

 

 

 

 

 

 

 

 

 

 

 

 

 

 

 

 

 

 

 

 

 

 

 

 

 

N. Logarith. ΙΝ . Logarith. N. Ι Logarith.

601 2. 7788745 634 2.8020893 667 , 2. 8241258
602 2. 7795965 635 28027737 668 2 ,8247765
603 2. 7803 173 Ι 636 , 28034571 , 669 2. 8254 261
604 2.7810369 · 637 2.8041394 670 2. 8260748
605 11 2.7817554 Ι 638 28048207 671 2. 8267225
606 2.7824726 ε 639 ’ 28055009 672 ’ 2. 8273 693
607 · 2.783 1887 640 28061800 673 2. 828015 1
608 2.783 9036 641 2.8068580 674 28286599
609 2. 7846 173 642 28075350 675 2. 8293038
610 2. 7853298 643 2. 80821 10 676 2. 8299467
6 11 2. 7860412 28088859 677 2831153887
612 2.7867514 Ι 645 2. 8095597 . 678 28312297
613 2. 7874605 3 646 2. 8102325 679 2 8318698
614 2, 7881684 647 2. 8109043 “ 680 283 25089
615 2. 7888751 648 2. 8115750 68128331471
616 2. 7895807 ¹* 649 28122447 Ι 682 2 83 331844
617 2. 790285 2 650 2. 8129134 ’ 68 3 2 834 344207
618 2.7909885 651 28135810 684 2. 83 32561
619 2. 7916906 652 28142476 685 2 83315906

 

 

 

 

 

 

 

 

 

 

 

 

 

 

 

 

 

 

 

 

 

 

620 2.7923917 Ι 653 28149132 686 283153 241
621 ’ 2.7930916 1534 28155777 ¹ 687 2838353157
622 2.7937904 Ι 1533 28162413 ἡ 688 Ι 28333884
623 2. 7944880 15315 2. 8169038 689 28382192
624 2. 795 1846 Ι 6331 28175654 690 28388491
625 2. 7958800 1538 28182259 691 2839431812
626 2. 7965743. 659 2. 8188854 Ι ἶ 2841110151

 

660 28195439 , 693 · 2841157332

627 2797765751 ’ 694 2341Ξ59ῖ

628 27979596 Ι
629 2.7986506 Ι 662

 

661 2. 8202015

 

 

 

 

 

 

28208580 695 28419848
630 2. 7993405 063 28215135 696 2 842 151592
631 28000294 664 2. 8221681 697 2. 8432328
632 2. 8007171 665 2. 8228216 698 2. 8438554
633 2. 8014037 666 2. 8234742 ’ 699 2. 8444772
634 28020893 667 2. 8241258 Ι 700 2. 8450980

 

 

 

700

f

