292 Nummum [0022272272.
N.Logar1th. 'N.Logoarnh. 'N Logarith.

202 2,.2022962 4.23692159 267 24265113
202 2·035354¹ 235 37¹0 79 ,6 263 2421348
202 22074960 226 22729220 269 24297522
mzwm2 67 2mffl3 m2ssm8
. 32327239 238 2372377Ο 272 2429 93

-ι-’.σ-μ--ι-ι-ι-

w⁶wfflv 239ψωυ n2mm&
207 2229702 240 22802222 273 24262626
208 222068 022 242 22820270 274 24277506
209 22220246 242 22828254 275 242922 27
220 22222292 243 22856062 276 24409092

-Οῄκ-“

222 2.722242825- 4423873898 277 24424793

222 22262259 2892 62 278 24440448
m ffl3m6 w2mm1 m2wm2
2242 22204228 247 26292 970 280 24422580
v52ssm85 u8mww ffl2ww3
fflzmm7 mzmw3 ffl2mw1
m zmm7 m2mw0 Q2wffl4
fflzffms w2mw7 Q2mffl3
219 2.3404441 252 2·40¹4005 285 24548449
220 22424227 253 24022205 286 24562660 '
ffl2mm3 m2mQ7 mzww9
mzwmo 2ss2mw2 ffl2mm5
222 22482049 256 24082400 289 24608978
224 225 02480 257 24099222 290 24622980
225 22522825 258 24226297 292 24628920
226 22542084 259 24222998 292 24652828
227 2256025 260 24249722 292 24668676
ffl2mmss w2mws m2w8m3
229 2259822 262 24282022 295 24693226
2.20 2.,2627278 262 2.,4299557 296 24722927
22122626220 264 24226029 297 24727564
222 22654880 265 24222459ι ’ 298·2,4742262
233 2267255911 263'24248813 299 24756722

224 22692259 267 24265222 200 24772222
300
---.

 

