ὅτ,ΕΣΑΝΟΝ TRIGONOMETRICUS.

G, Sinus Tangen. Secantes Log.Sin. Log. Tang·

 

 

—m— n—-on— ———

3 1 5150381 60086.οό 1 16663.34 971 18393 97787737
32 5299193 6248694 1 1791784 97242097 97957892
33 5446390 6494076 1 19236.33 97361088 98125174
34 55 91 9.29 6745085 12062180 97475617 98289874
35 573 5754 70020·75 1 22077·²-l›6 9·75 859 1 3 9345 22⁶8

36 5877853 72654.26 12360680 97692187 98612610

37 60181.50 7ἑ35540 125213.·7 97794630 98771144
38 61566.15 7

 

 

 

 

 

 

12856 126901. 2 97893420 98928098
39 6293294 8097840 12867596 97988718 99083692
40 6427876 8390996 13054073 98080675 99238135

h

 

 

 

—

 

 

 

41 Hbs-90 8692868 131501.30 98169429 99391631
42 66913.οό 9004041 134563,27 98255109 99544374
43 6819984 93251-51 33673373 98337833 99696339

44 6946584 9656888 13901636 98417713 99848372
45 70710.68 100000.οο 141421.36 98494850 10.0000000

 

